00000000
00000000
00000001
10001100
00000100
00000000
00000010
10001100
00001000
00000000
00000011
10001100
00100100
01010000
00000000
00000000
00010000
00000000
01000010
00010001
00001100
00000000
01001100
10001101
00100101
01110000
01000000
00000001
00100101
01101000
10000000
00000001
00100000
01011000
01000001
00000001
00000111
00000000
01100010
00010001
00001100
00000000
01101111
10001101
00101010
10000000
10101111
00000001
00000010
00000000
00000000
00010010
00100010
01101000
11100000
00000001
00100010
01110000
01100000
00000001
00100000
01011000
01100001
00000001
11111000
11111111
00000000
00010000
00001100
00000000
11001100
10101101
00001100
00000000
01001101
10101101
00100000
01010000
01000001
00000001
11101111
11111111
00000000
00010000
00001000
00000000
00001010
10001100
00100000
10001000
00000000
00000000
00001100
00000000
00101100
10001110
00000010
00000000
10001010
00010001
00100000
10001000
00100001
00000010
11111100
11111111
00000000
00010000
00000000
00000000
00000000
00000000
